10088
1008910088
1008910088
1008910088
1008910088
1008910088
1008910088
1008910088
1008910088
1008910088
1008910088
1008910088
1008910088
1008910088
1008910088
1008910088
1008910088
1008910088
1008910088
1008910088
1008910088
1008910088
1008910088
1008910088
1008910088
1008910088
1008910088
1008910088
1008910088
1008910088
1008910088
1008910088
1008910088
1008910088
1008910088
1008910088
1008910088
1008910088
1008910088
1008910088
1008910088
1008910088
1008910088
1008910088
1008910088
1008910088
1008910088
1008910088
1008910088
1008910088
1008910088
1008910088
1008910088
1008910088
1008910088
1008910088
1008910088
1008910088
1008910088
1008910088
1008910088
1008910088
1008910088
1008910088
1008910088
1008910088
1008910088
1008910088
1008910088
1008910088
1008910088
1008910088
1008910088
1008910088
1008910088
1008910088
1008910088
1008910088
1008910088
1008910088
1008910088
1008910088
1008910088
1008910088
1008910088
1008910088
1008910088
1008910088
1008910088
1008910088
1008910088
1008910088
1008910088
1008910088
1008910088
1008910088
1008910088
1008910088
1008910088
1008910088
10089
